A = [0 1 0 0 1;0 0 1 1 0;1 0 0 0 0;1 0 0 0 1;0 1 0 1 0];
A2 = A^2;
A3 = A^3;
A4 = A^4;
B = A+A2
Ap = [0 1 0 0 1;0 0 1 1 0;1 0 0 0 0;1 0 0 0 1;0 0 0 1 0];
A2p = Ap^2;
A3p = Ap^3;
A4p = Ap^4;
Bp = Ap+A2p+A3p+A4p;