bestPath = [49 37 33 48 38 45	27 39 44 40	36 30 47 34	42 28 46 41	...
    35 43 31 25	26 18 5	1 13 9 10 4	23 24 17 22	14 2 12	6 15 3 11 19 7 ...
    16 21 8	20 29 50 32];