bestChromosome = [0.32962,0.75496,0.91019,0.87233,0.44382,0.93706,0.93407,0.038613,0.88968,0.55018,0.43526,0.15358,0.80131,0.808,0.046772,0.46209,0.59903,0.60683,0.95759,0.96022,0.47883,0.10154,0.5793,0.96954,0.14385,0.69851,0.47147,0.42622,0.11607,0.29542,0.36658,0.84805];
